20
60
107
160
220
286
359
439
525
618
717
823
936
1055
1181
1314
1453
1599
1751
1910
2076
2248
2427
2612
2804
3000
3200
3400
3600
3800
4000
4200
4400
4600
4800
5000
5200
5400
5600
5800
6000
6200
6400
6600
6800
7000
7200
7400
7600
7800
8000
8200
8400
8600
8800
9000
9200
9400
9600
9800
10000
10200
10400
10600
10800
11000
11200
11400
11600
11800
12000
12200
12400
12600
12800
13000
13200
13400
13600
13800
14000
14200
14400
14600
14800
15000
15200
15400
15600
15800
16000
16220
16463
16730
17023
17347
17703
18096
18527
19000
19500
20000
20500
21000
21500
22000
22500
23000
23500
24000
24500
25000
25500
26000
26500
27000
27500
28000
28500
29000
29500
30000
30500
31000
31500
32000
32500
33000
33500
34000
34500
35000
35500.24
36000.65
36501.34
37002.51
37504.52
38007.94
38513.77
39023.729
39540.72
40069.729
40619.29
41203.8
41846.761
42582.05
43442.53
44426.001
45426.001
46426.001
47426.001
48426.001
49426.001
50426.001
51426.001
52426.001
53426.001
54426.001
55426.001
56426.001
