z[m] p[mb] tpls[K/s] qls[kg/kg/s] uls vls wls
0.00 128 1008.29
-999.90    1005.90     286.75       6.89       0.00       0.00       0.00
-999.90    1001.14     286.60       6.52       0.00       0.00       0.00
-999.90     995.56     286.59       6.40       0.00       0.00       0.00
-999.90     989.30     286.61       6.33       0.00       0.00       0.00
-999.90     982.24     286.65       6.26       0.00       0.00       0.00
-999.90     974.52     286.70       6.18       0.00       0.00       0.00
-999.90     966.03     286.76       6.09       0.00       0.00       0.00
-999.90     956.80     286.85       5.98       0.00       0.00       0.00
-999.90     946.94     286.94       5.83       0.00       0.00       0.00
-999.90     936.36     287.06       5.66       0.00       0.00       0.00
-999.90     925.20     287.20       5.45       0.00       0.00       0.00
-999.90     913.37     287.38       5.19       0.00       0.00       0.00
-999.90     900.87     287.61       4.88       0.00       0.00       0.00
-999.90     887.85     287.89       4.54       0.00       0.00       0.00
-999.90     874.23     288.23       4.17       0.00       0.00       0.00
-999.90     860.03     288.63       3.80       0.00       0.00       0.00
-999.90     845.38     289.08       3.46       0.00       0.00       0.00
-999.90     830.21     289.57       3.14       0.00       0.00       0.00
-999.90     814.66     290.10       2.84       0.00       0.00       0.00
-999.90     798.64     290.66       2.55       0.00       0.00       0.00
-999.90     782.19     291.25       2.28       0.00       0.00       0.00
-999.90     765.44     291.85       2.03       0.00       0.00       0.00
-999.90     748.32     292.47       1.81       0.00       0.00       0.00
-999.90     730.96     293.10       1.59       0.00       0.00       0.00
-999.90     713.28     293.75       1.39       0.00       0.00       0.00
-999.90     695.58     294.41       1.20       0.00       0.00       0.00
-999.90     677.87     295.09       1.02       0.00       0.00       0.00
-999.90     660.52     295.75       0.87       0.00       0.00       0.00
-999.90     643.52     296.38       0.74       0.00       0.00       0.00
-999.90     626.86     296.98       0.63       0.00       0.00       0.00
-999.90     610.54     297.54       0.54       0.00       0.00       0.00
-999.90     594.56     298.05       0.46       0.00       0.00       0.00
-999.90     578.90     298.51       0.40       0.00       0.00       0.00
-999.90     563.57     298.93       0.35       0.00       0.00       0.00
-999.90     548.54     299.31       0.31       0.00       0.00       0.00
-999.90     533.82     299.66       0.27       0.00       0.00       0.00
-999.90     519.40     299.98       0.24       0.00       0.00       0.00
-999.90     505.27     300.29       0.21       0.00       0.00       0.00
-999.90     491.43     300.58       0.19       0.00       0.00       0.00
-999.90     477.88     300.85       0.17       0.00       0.00       0.00
-999.90     464.61     301.10       0.15       0.00       0.00       0.00
-999.90     451.62     301.35       0.13       0.00       0.00       0.00
-999.90     438.90     301.58       0.11       0.00       0.00       0.00
-999.90     426.45     301.80       0.09       0.00       0.00       0.00
-999.90     414.27     302.00       0.08       0.00       0.00       0.00
-999.90     402.34     302.20       0.07       0.00       0.00       0.00
-999.90     390.67     302.39       0.06       0.00       0.00       0.00
-999.90     379.24     302.57       0.05       0.00       0.00       0.00
-999.90     368.07     302.74       0.05       0.00       0.00       0.00
-999.90     357.13     302.91       0.04       0.00       0.00       0.00
-999.90     346.44     303.08       0.03       0.00       0.00       0.00
-999.90     335.98     303.24       0.03       0.00       0.00       0.00
-999.90     325.76     303.42       0.02       0.00       0.00       0.00
-999.90     315.76     303.59       0.02       0.00       0.00       0.00
-999.90     305.99     303.78       0.02       0.00       0.00       0.00
-999.90     296.44     303.98       0.01       0.00       0.00       0.00
-999.90     287.12     304.20       0.01       0.00       0.00       0.00
-999.90     278.01     304.45       0.01       0.00       0.00       0.00
-999.90     269.12     304.73       0.01       0.00       0.00       0.00
-999.90     260.44     305.06       0.01       0.00       0.00       0.00
-999.90     251.97     305.42       0.01       0.00       0.00       0.00
-999.90     243.71     305.83       0.00       0.00       0.00       0.00
-999.90     235.66     306.29       0.00       0.00       0.00       0.00
-999.90     227.82     306.82       0.00       0.00       0.00       0.00
-999.90     220.17     307.43       0.00       0.00       0.00       0.00
-999.90     212.72     308.14       0.00       0.00       0.00       0.00
-999.90     205.47     308.97       0.00       0.00       0.00       0.00
-999.90     198.42     309.96       0.00       0.00       0.00       0.00
-999.90     191.57     311.14       0.00       0.00       0.00       0.00
-999.90     184.91     312.57       0.00       0.00       0.00       0.00
-999.90     178.46     314.27       0.00       0.00       0.00       0.00
-999.90     172.20     316.30       0.00       0.00       0.00       0.00
-999.90     166.15     318.66       0.00       0.00       0.00       0.00
-999.90     160.29     321.35       0.00       0.00       0.00       0.00
-999.90     154.63     324.31       0.00       0.00       0.00       0.00
-999.90     149.17     327.56       0.00       0.00       0.00       0.00
-999.90     143.90     331.07       0.00       0.00       0.00       0.00
-999.90     138.83     334.82       0.00       0.00       0.00       0.00
-999.90     133.94     338.82       0.00       0.00       0.00       0.00
-999.90     129.24     342.99       0.00       0.00       0.00       0.00
-999.90     124.71     347.20       0.00       0.00       0.00       0.00
-999.90     120.34     351.43       0.00       0.00       0.00       0.00
-999.90     116.14     355.80       0.00       0.00       0.00       0.00
-999.90     112.09     360.33       0.00       0.00       0.00       0.00
-999.90     108.19     364.97       0.00       0.00       0.00       0.00
-999.90     104.43     369.65       0.00       0.00       0.00       0.00
-999.90     100.81     374.43       0.00       0.00       0.00       0.00
-999.90      97.33     379.42       0.00       0.00       0.00       0.00
-999.90      93.98     384.67       0.00       0.00       0.00       0.00
-999.90      90.75     390.19       0.00       0.00       0.00       0.00
-999.90      87.65     395.85       0.00       0.00       0.00       0.00
-999.90      84.38     401.83       0.00       0.00       0.00       0.00
-999.90      80.93     408.31       0.00       0.00       0.00       0.00
-999.90      77.31     415.46       0.00       0.00       0.00       0.00
-999.90      73.53     423.35       0.00       0.00       0.00       0.00
-999.90      69.59     432.09       0.00       0.00       0.00       0.00
-999.90      65.52     441.78       0.00       0.00       0.00       0.00
-999.90      61.32     452.77       0.00       0.00       0.00       0.00
-999.90      57.05     465.27       0.00       0.00       0.00       0.00
-999.90      52.74     479.55       0.00       0.00       0.00       0.00
-999.90      48.57     494.77       0.00       0.00       0.00       0.00
-999.90      44.77     511.17       0.00       0.00       0.00       0.00
-999.90      41.29     528.19       0.00       0.00       0.00       0.00
-999.90      38.11     546.13       0.00       0.00       0.00       0.00
-999.90      35.20     562.46       0.00       0.00       0.00       0.00
-999.90      32.54     578.89       0.00       0.00       0.00       0.00
-999.90      30.08     593.13       0.00       0.00       0.00       0.00
-999.90      27.82     610.10       0.00       0.00       0.00       0.00
-999.90      25.74     628.79       0.00       0.00       0.00       0.00
-999.90      23.83     648.93       0.00       0.00       0.00       0.00
-999.90      22.07     668.62       0.00       0.00       0.00       0.00
-999.90      20.46     687.06       0.00       0.00       0.00       0.00
-999.90      18.97     704.49       0.00       0.00       0.00       0.00
-999.90      17.60     721.38       0.00       0.00       0.00       0.00
-999.90      16.32     738.26       0.00       0.00       0.00       0.00
-999.90      15.14     755.53       0.00       0.00       0.00       0.00
-999.90      14.05     773.36       0.00       0.00       0.00       0.00
-999.90      13.04     791.93       0.00       0.00       0.00       0.00
-999.90      12.10     810.94       0.00       0.00       0.00       0.00
-999.90      11.24     830.83       0.00       0.00       0.00       0.00
-999.90      10.43     850.95       0.00       0.00       0.00       0.00
-999.90       9.69     871.33       0.00       0.00       0.00       0.00
-999.90       9.00     891.22       0.00       0.00       0.00       0.00
-999.90       8.36     911.10       0.00       0.00       0.00       0.00
-999.90       7.77     931.47       0.00       0.00       0.00       0.00
-999.90       7.22     952.50       0.00       0.00       0.00       0.00
-999.90       6.71     975.96       0.00       0.00       0.00       0.00
-999.90       6.23     999.91       0.00       0.00       0.00       0.00
1000.00 128 1008.29
-999.90    1005.90     286.75       6.89       0.00       0.00       0.00
-999.90    1001.14     286.60       6.52       0.00       0.00       0.00
-999.90     995.56     286.59       6.40       0.00       0.00       0.00
-999.90     989.30     286.61       6.33       0.00       0.00       0.00
-999.90     982.24     286.65       6.26       0.00       0.00       0.00
-999.90     974.52     286.70       6.18       0.00       0.00       0.00
-999.90     966.03     286.76       6.09       0.00       0.00       0.00
-999.90     956.80     286.85       5.98       0.00       0.00       0.00
-999.90     946.94     286.94       5.83       0.00       0.00       0.00
-999.90     936.36     287.06       5.66       0.00       0.00       0.00
-999.90     925.20     287.20       5.45       0.00       0.00       0.00
-999.90     913.37     287.38       5.19       0.00       0.00       0.00
-999.90     900.87     287.61       4.88       0.00       0.00       0.00
-999.90     887.85     287.89       4.54       0.00       0.00       0.00
-999.90     874.23     288.23       4.17       0.00       0.00       0.00
-999.90     860.03     288.63       3.80       0.00       0.00       0.00
-999.90     845.38     289.08       3.46       0.00       0.00       0.00
-999.90     830.21     289.57       3.14       0.00       0.00       0.00
-999.90     814.66     290.10       2.84       0.00       0.00       0.00
-999.90     798.64     290.66       2.55       0.00       0.00       0.00
-999.90     782.19     291.25       2.28       0.00       0.00       0.00
-999.90     765.44     291.85       2.03       0.00       0.00       0.00
-999.90     748.32     292.47       1.81       0.00       0.00       0.00
-999.90     730.96     293.10       1.59       0.00       0.00       0.00
-999.90     713.28     293.75       1.39       0.00       0.00       0.00
-999.90     695.58     294.41       1.20       0.00       0.00       0.00
-999.90     677.87     295.09       1.02       0.00       0.00       0.00
-999.90     660.52     295.75       0.87       0.00       0.00       0.00
-999.90     643.52     296.38       0.74       0.00       0.00       0.00
-999.90     626.86     296.98       0.63       0.00       0.00       0.00
-999.90     610.54     297.54       0.54       0.00       0.00       0.00
-999.90     594.56     298.05       0.46       0.00       0.00       0.00
-999.90     578.90     298.51       0.40       0.00       0.00       0.00
-999.90     563.57     298.93       0.35       0.00       0.00       0.00
-999.90     548.54     299.31       0.31       0.00       0.00       0.00
-999.90     533.82     299.66       0.27       0.00       0.00       0.00
-999.90     519.40     299.98       0.24       0.00       0.00       0.00
-999.90     505.27     300.29       0.21       0.00       0.00       0.00
-999.90     491.43     300.58       0.19       0.00       0.00       0.00
-999.90     477.88     300.85       0.17       0.00       0.00       0.00
-999.90     464.61     301.10       0.15       0.00       0.00       0.00
-999.90     451.62     301.35       0.13       0.00       0.00       0.00
-999.90     438.90     301.58       0.11       0.00       0.00       0.00
-999.90     426.45     301.80       0.09       0.00       0.00       0.00
-999.90     414.27     302.00       0.08       0.00       0.00       0.00
-999.90     402.34     302.20       0.07       0.00       0.00       0.00
-999.90     390.67     302.39       0.06       0.00       0.00       0.00
-999.90     379.24     302.57       0.05       0.00       0.00       0.00
-999.90     368.07     302.74       0.05       0.00       0.00       0.00
-999.90     357.13     302.91       0.04       0.00       0.00       0.00
-999.90     346.44     303.08       0.03       0.00       0.00       0.00
-999.90     335.98     303.24       0.03       0.00       0.00       0.00
-999.90     325.76     303.42       0.02       0.00       0.00       0.00
-999.90     315.76     303.59       0.02       0.00       0.00       0.00
-999.90     305.99     303.78       0.02       0.00       0.00       0.00
-999.90     296.44     303.98       0.01       0.00       0.00       0.00
-999.90     287.12     304.20       0.01       0.00       0.00       0.00
-999.90     278.01     304.45       0.01       0.00       0.00       0.00
-999.90     269.12     304.73       0.01       0.00       0.00       0.00
-999.90     260.44     305.06       0.01       0.00       0.00       0.00
-999.90     251.97     305.42       0.01       0.00       0.00       0.00
-999.90     243.71     305.83       0.00       0.00       0.00       0.00
-999.90     235.66     306.29       0.00       0.00       0.00       0.00
-999.90     227.82     306.82       0.00       0.00       0.00       0.00
-999.90     220.17     307.43       0.00       0.00       0.00       0.00
-999.90     212.72     308.14       0.00       0.00       0.00       0.00
-999.90     205.47     308.97       0.00       0.00       0.00       0.00
-999.90     198.42     309.96       0.00       0.00       0.00       0.00
-999.90     191.57     311.14       0.00       0.00       0.00       0.00
-999.90     184.91     312.57       0.00       0.00       0.00       0.00
-999.90     178.46     314.27       0.00       0.00       0.00       0.00
-999.90     172.20     316.30       0.00       0.00       0.00       0.00
-999.90     166.15     318.66       0.00       0.00       0.00       0.00
-999.90     160.29     321.35       0.00       0.00       0.00       0.00
-999.90     154.63     324.31       0.00       0.00       0.00       0.00
-999.90     149.17     327.56       0.00       0.00       0.00       0.00
-999.90     143.90     331.07       0.00       0.00       0.00       0.00
-999.90     138.83     334.82       0.00       0.00       0.00       0.00
-999.90     133.94     338.82       0.00       0.00       0.00       0.00
-999.90     129.24     342.99       0.00       0.00       0.00       0.00
-999.90     124.71     347.20       0.00       0.00       0.00       0.00
-999.90     120.34     351.43       0.00       0.00       0.00       0.00
-999.90     116.14     355.80       0.00       0.00       0.00       0.00
-999.90     112.09     360.33       0.00       0.00       0.00       0.00
-999.90     108.19     364.97       0.00       0.00       0.00       0.00
-999.90     104.43     369.65       0.00       0.00       0.00       0.00
-999.90     100.81     374.43       0.00       0.00       0.00       0.00
-999.90      97.33     379.42       0.00       0.00       0.00       0.00
-999.90      93.98     384.67       0.00       0.00       0.00       0.00
-999.90      90.75     390.19       0.00       0.00       0.00       0.00
-999.90      87.65     395.85       0.00       0.00       0.00       0.00
-999.90      84.38     401.83       0.00       0.00       0.00       0.00
-999.90      80.93     408.31       0.00       0.00       0.00       0.00
-999.90      77.31     415.46       0.00       0.00       0.00       0.00
-999.90      73.53     423.35       0.00       0.00       0.00       0.00
-999.90      69.59     432.09       0.00       0.00       0.00       0.00
-999.90      65.52     441.78       0.00       0.00       0.00       0.00
-999.90      61.32     452.77       0.00       0.00       0.00       0.00
-999.90      57.05     465.27       0.00       0.00       0.00       0.00
-999.90      52.74     479.55       0.00       0.00       0.00       0.00
-999.90      48.57     494.77       0.00       0.00       0.00       0.00
-999.90      44.77     511.17       0.00       0.00       0.00       0.00
-999.90      41.29     528.19       0.00       0.00       0.00       0.00
-999.90      38.11     546.13       0.00       0.00       0.00       0.00
-999.90      35.20     562.46       0.00       0.00       0.00       0.00
-999.90      32.54     578.89       0.00       0.00       0.00       0.00
-999.90      30.08     593.13       0.00       0.00       0.00       0.00
-999.90      27.82     610.10       0.00       0.00       0.00       0.00
-999.90      25.74     628.79       0.00       0.00       0.00       0.00
-999.90      23.83     648.93       0.00       0.00       0.00       0.00
-999.90      22.07     668.62       0.00       0.00       0.00       0.00
-999.90      20.46     687.06       0.00       0.00       0.00       0.00
-999.90      18.97     704.49       0.00       0.00       0.00       0.00
-999.90      17.60     721.38       0.00       0.00       0.00       0.00
-999.90      16.32     738.26       0.00       0.00       0.00       0.00
-999.90      15.14     755.53       0.00       0.00       0.00       0.00
-999.90      14.05     773.36       0.00       0.00       0.00       0.00
-999.90      13.04     791.93       0.00       0.00       0.00       0.00
-999.90      12.10     810.94       0.00       0.00       0.00       0.00
-999.90      11.24     830.83       0.00       0.00       0.00       0.00
-999.90      10.43     850.95       0.00       0.00       0.00       0.00
-999.90       9.69     871.33       0.00       0.00       0.00       0.00
-999.90       9.00     891.22       0.00       0.00       0.00       0.00
-999.90       8.36     911.10       0.00       0.00       0.00       0.00
-999.90       7.77     931.47       0.00       0.00       0.00       0.00
-999.90       7.22     952.50       0.00       0.00       0.00       0.00
-999.90       6.71     975.96       0.00       0.00       0.00       0.00
-999.90       6.23     999.91       0.00       0.00       0.00       0.00
