z[m] p[mb] tpls[K/s] qls[kg/kg/s] uls vls wls
0.00 128 1008.29
-999.90    1005.80     275.97       3.06       0.00       0.00       0.00
-999.90    1000.85     275.79       2.87       0.00       0.00       0.00
-999.90     995.04     275.76       2.82       0.00       0.00       0.00
-999.90     988.52     275.75       2.79       0.00       0.00       0.00
-999.90     981.18     275.76       2.76       0.00       0.00       0.00
-999.90     973.15     275.78       2.73       0.00       0.00       0.00
-999.90     964.32     275.81       2.70       0.00       0.00       0.00
-999.90     954.71     275.84       2.67       0.00       0.00       0.00
-999.90     944.46     275.87       2.63       0.00       0.00       0.00
-999.90     933.47     275.92       2.58       0.00       0.00       0.00
-999.90     921.86     275.98       2.52       0.00       0.00       0.00
-999.90     909.56     276.08       2.44       0.00       0.00       0.00
-999.90     896.57     276.21       2.34       0.00       0.00       0.00
-999.90     883.05     276.40       2.20       0.00       0.00       0.00
-999.90     868.89     276.68       2.00       0.00       0.00       0.00
-999.90     854.15     277.12       1.71       0.00       0.00       0.00
-999.90     838.97     277.79       1.32       0.00       0.00       0.00
-999.90     823.26     278.61       0.92       0.00       0.00       0.00
-999.90     807.19     279.33       0.63       0.00       0.00       0.00
-999.90     790.65     279.83       0.48       0.00       0.00       0.00
-999.90     773.67     280.19       0.38       0.00       0.00       0.00
-999.90     756.37     280.48       0.32       0.00       0.00       0.00
-999.90     738.68     280.73       0.28       0.00       0.00       0.00
-999.90     720.72     280.96       0.25       0.00       0.00       0.00
-999.90     702.43     281.18       0.22       0.00       0.00       0.00
-999.90     684.11     281.38       0.20       0.00       0.00       0.00
-999.90     665.78     281.57       0.18       0.00       0.00       0.00
-999.90     647.81     281.76       0.17       0.00       0.00       0.00
-999.90     630.20     281.94       0.15       0.00       0.00       0.00
-999.90     612.95     282.11       0.14       0.00       0.00       0.00
-999.90     596.04     282.28       0.12       0.00       0.00       0.00
-999.90     579.47     282.45       0.11       0.00       0.00       0.00
-999.90     563.25     282.61       0.10       0.00       0.00       0.00
-999.90     547.36     282.76       0.08       0.00       0.00       0.00
-999.90     531.81     282.90       0.07       0.00       0.00       0.00
-999.90     516.58     283.04       0.06       0.00       0.00       0.00
-999.90     501.68     283.18       0.05       0.00       0.00       0.00
-999.90     487.09     283.30       0.04       0.00       0.00       0.00
-999.90     472.82     283.43       0.03       0.00       0.00       0.00
-999.90     458.85     283.54       0.03       0.00       0.00       0.00
-999.90     445.19     283.65       0.02       0.00       0.00       0.00
-999.90     431.82     283.76       0.02       0.00       0.00       0.00
-999.90     418.75     283.87       0.02       0.00       0.00       0.00
-999.90     405.97     283.98       0.01       0.00       0.00       0.00
-999.90     393.48     284.10       0.01       0.00       0.00       0.00
-999.90     381.26     284.21       0.01       0.00       0.00       0.00
-999.90     369.33     284.34       0.01       0.00       0.00       0.00
-999.90     357.67     284.47       0.01       0.00       0.00       0.00
-999.90     346.29     284.61       0.01       0.00       0.00       0.00
-999.90     335.17     284.76       0.00       0.00       0.00       0.00
-999.90     324.31     284.92       0.00       0.00       0.00       0.00
-999.90     313.72     285.09       0.00       0.00       0.00       0.00
-999.90     303.38     285.28       0.00       0.00       0.00       0.00
-999.90     293.29     285.51       0.00       0.00       0.00       0.00
-999.90     283.45     285.77       0.00       0.00       0.00       0.00
-999.90     273.86     286.10       0.00       0.00       0.00       0.00
-999.90     264.51     286.51       0.00       0.00       0.00       0.00
-999.90     255.40     287.01       0.00       0.00       0.00       0.00
-999.90     246.53     287.68       0.00       0.00       0.00       0.00
-999.90     237.90     288.60       0.00       0.00       0.00       0.00
-999.90     229.52     289.93       0.00       0.00       0.00       0.00
-999.90     221.39     291.73       0.00       0.00       0.00       0.00
-999.90     213.53     293.99       0.00       0.00       0.00       0.00
-999.90     205.94     296.73       0.00       0.00       0.00       0.00
-999.90     198.62     299.94       0.00       0.00       0.00       0.00
-999.90     191.57     303.52       0.00       0.00       0.00       0.00
-999.90     184.79     307.42       0.00       0.00       0.00       0.00
-999.90     178.26     311.53       0.00       0.00       0.00       0.00
-999.90     171.98     315.82       0.00       0.00       0.00       0.00
-999.90     165.93     320.25       0.00       0.00       0.00       0.00
-999.90     160.12     324.70       0.00       0.00       0.00       0.00
-999.90     154.53     329.14       0.00       0.00       0.00       0.00
-999.90     149.14     333.51       0.00       0.00       0.00       0.00
-999.90     143.96     337.77       0.00       0.00       0.00       0.00
-999.90     138.97     341.86       0.00       0.00       0.00       0.00
-999.90     134.17     345.79       0.00       0.00       0.00       0.00
-999.90     129.54     349.61       0.00       0.00       0.00       0.00
-999.90     125.08     353.37       0.00       0.00       0.00       0.00
-999.90     120.77     357.16       0.00       0.00       0.00       0.00
-999.90     116.61     360.98       0.00       0.00       0.00       0.00
-999.90     112.60     364.86       0.00       0.00       0.00       0.00
-999.90     108.73     368.78       0.00       0.00       0.00       0.00
-999.90     104.99     372.81       0.00       0.00       0.00       0.00
-999.90     101.39     376.92       0.00       0.00       0.00       0.00
-999.90      97.92     381.14       0.00       0.00       0.00       0.00
-999.90      94.57     385.43       0.00       0.00       0.00       0.00
-999.90      91.34     389.74       0.00       0.00       0.00       0.00
-999.90      88.22     394.14       0.00       0.00       0.00       0.00
-999.90      85.21     398.66       0.00       0.00       0.00       0.00
-999.90      82.31     403.37       0.00       0.00       0.00       0.00
-999.90      79.51     408.20       0.00       0.00       0.00       0.00
-999.90      76.55     413.38       0.00       0.00       0.00       0.00
-999.90      73.41     419.11       0.00       0.00       0.00       0.00
-999.90      70.11     425.49       0.00       0.00       0.00       0.00
-999.90      66.68     432.74       0.00       0.00       0.00       0.00
-999.90      63.08     440.88       0.00       0.00       0.00       0.00
-999.90      59.37     450.39       0.00       0.00       0.00       0.00
-999.90      55.54     461.34       0.00       0.00       0.00       0.00
-999.90      51.63     473.94       0.00       0.00       0.00       0.00
-999.90      47.70     488.02       0.00       0.00       0.00       0.00
-999.90      43.89     503.52       0.00       0.00       0.00       0.00
-999.90      40.42     520.69       0.00       0.00       0.00       0.00
-999.90      37.24     538.22       0.00       0.00       0.00       0.00
-999.90      34.34     556.55       0.00       0.00       0.00       0.00
-999.90      31.70     573.69       0.00       0.00       0.00       0.00
-999.90      29.27     590.76       0.00       0.00       0.00       0.00
-999.90      27.04     605.43       0.00       0.00       0.00       0.00
-999.90      24.99     623.45       0.00       0.00       0.00       0.00
-999.90      23.11     643.76       0.00       0.00       0.00       0.00
-999.90      21.38     664.16       0.00       0.00       0.00       0.00
-999.90      19.80     683.30       0.00       0.00       0.00       0.00
-999.90      18.34     701.74       0.00       0.00       0.00       0.00
-999.90      16.99     719.66       0.00       0.00       0.00       0.00
-999.90      15.75     737.48       0.00       0.00       0.00       0.00
-999.90      14.60     755.60       0.00       0.00       0.00       0.00
-999.90      13.53     774.17       0.00       0.00       0.00       0.00
-999.90      12.55     793.26       0.00       0.00       0.00       0.00
-999.90      11.64     812.90       0.00       0.00       0.00       0.00
-999.90      10.80     832.83       0.00       0.00       0.00       0.00
-999.90      10.02     854.06       0.00       0.00       0.00       0.00
-999.90       9.30     875.48       0.00       0.00       0.00       0.00
-999.90       8.64     897.06       0.00       0.00       0.00       0.00
-999.90       8.02     917.92       0.00       0.00       0.00       0.00
-999.90       7.45     938.97       0.00       0.00       0.00       0.00
-999.90       6.92     960.21       0.00       0.00       0.00       0.00
-999.90       6.43     981.65       0.00       0.00       0.00       0.00
-999.90       5.97    1005.06       0.00       0.00       0.00       0.00
-999.90       5.55    1028.97       0.00       0.00       0.00       0.00
1000.00 128 1008.29
-999.90    1005.80     275.97       3.06       0.00       0.00       0.00
-999.90    1000.85     275.79       2.87       0.00       0.00       0.00
-999.90     995.04     275.76       2.82       0.00       0.00       0.00
-999.90     988.52     275.75       2.79       0.00       0.00       0.00
-999.90     981.18     275.76       2.76       0.00       0.00       0.00
-999.90     973.15     275.78       2.73       0.00       0.00       0.00
-999.90     964.32     275.81       2.70       0.00       0.00       0.00
-999.90     954.71     275.84       2.67       0.00       0.00       0.00
-999.90     944.46     275.87       2.63       0.00       0.00       0.00
-999.90     933.47     275.92       2.58       0.00       0.00       0.00
-999.90     921.86     275.98       2.52       0.00       0.00       0.00
-999.90     909.56     276.08       2.44       0.00       0.00       0.00
-999.90     896.57     276.21       2.34       0.00       0.00       0.00
-999.90     883.05     276.40       2.20       0.00       0.00       0.00
-999.90     868.89     276.68       2.00       0.00       0.00       0.00
-999.90     854.15     277.12       1.71       0.00       0.00       0.00
-999.90     838.97     277.79       1.32       0.00       0.00       0.00
-999.90     823.26     278.61       0.92       0.00       0.00       0.00
-999.90     807.19     279.33       0.63       0.00       0.00       0.00
-999.90     790.65     279.83       0.48       0.00       0.00       0.00
-999.90     773.67     280.19       0.38       0.00       0.00       0.00
-999.90     756.37     280.48       0.32       0.00       0.00       0.00
-999.90     738.68     280.73       0.28       0.00       0.00       0.00
-999.90     720.72     280.96       0.25       0.00       0.00       0.00
-999.90     702.43     281.18       0.22       0.00       0.00       0.00
-999.90     684.11     281.38       0.20       0.00       0.00       0.00
-999.90     665.78     281.57       0.18       0.00       0.00       0.00
-999.90     647.81     281.76       0.17       0.00       0.00       0.00
-999.90     630.20     281.94       0.15       0.00       0.00       0.00
-999.90     612.95     282.11       0.14       0.00       0.00       0.00
-999.90     596.04     282.28       0.12       0.00       0.00       0.00
-999.90     579.47     282.45       0.11       0.00       0.00       0.00
-999.90     563.25     282.61       0.10       0.00       0.00       0.00
-999.90     547.36     282.76       0.08       0.00       0.00       0.00
-999.90     531.81     282.90       0.07       0.00       0.00       0.00
-999.90     516.58     283.04       0.06       0.00       0.00       0.00
-999.90     501.68     283.18       0.05       0.00       0.00       0.00
-999.90     487.09     283.30       0.04       0.00       0.00       0.00
-999.90     472.82     283.43       0.03       0.00       0.00       0.00
-999.90     458.85     283.54       0.03       0.00       0.00       0.00
-999.90     445.19     283.65       0.02       0.00       0.00       0.00
-999.90     431.82     283.76       0.02       0.00       0.00       0.00
-999.90     418.75     283.87       0.02       0.00       0.00       0.00
-999.90     405.97     283.98       0.01       0.00       0.00       0.00
-999.90     393.48     284.10       0.01       0.00       0.00       0.00
-999.90     381.26     284.21       0.01       0.00       0.00       0.00
-999.90     369.33     284.34       0.01       0.00       0.00       0.00
-999.90     357.67     284.47       0.01       0.00       0.00       0.00
-999.90     346.29     284.61       0.01       0.00       0.00       0.00
-999.90     335.17     284.76       0.00       0.00       0.00       0.00
-999.90     324.31     284.92       0.00       0.00       0.00       0.00
-999.90     313.72     285.09       0.00       0.00       0.00       0.00
-999.90     303.38     285.28       0.00       0.00       0.00       0.00
-999.90     293.29     285.51       0.00       0.00       0.00       0.00
-999.90     283.45     285.77       0.00       0.00       0.00       0.00
-999.90     273.86     286.10       0.00       0.00       0.00       0.00
-999.90     264.51     286.51       0.00       0.00       0.00       0.00
-999.90     255.40     287.01       0.00       0.00       0.00       0.00
-999.90     246.53     287.68       0.00       0.00       0.00       0.00
-999.90     237.90     288.60       0.00       0.00       0.00       0.00
-999.90     229.52     289.93       0.00       0.00       0.00       0.00
-999.90     221.39     291.73       0.00       0.00       0.00       0.00
-999.90     213.53     293.99       0.00       0.00       0.00       0.00
-999.90     205.94     296.73       0.00       0.00       0.00       0.00
-999.90     198.62     299.94       0.00       0.00       0.00       0.00
-999.90     191.57     303.52       0.00       0.00       0.00       0.00
-999.90     184.79     307.42       0.00       0.00       0.00       0.00
-999.90     178.26     311.53       0.00       0.00       0.00       0.00
-999.90     171.98     315.82       0.00       0.00       0.00       0.00
-999.90     165.93     320.25       0.00       0.00       0.00       0.00
-999.90     160.12     324.70       0.00       0.00       0.00       0.00
-999.90     154.53     329.14       0.00       0.00       0.00       0.00
-999.90     149.14     333.51       0.00       0.00       0.00       0.00
-999.90     143.96     337.77       0.00       0.00       0.00       0.00
-999.90     138.97     341.86       0.00       0.00       0.00       0.00
-999.90     134.17     345.79       0.00       0.00       0.00       0.00
-999.90     129.54     349.61       0.00       0.00       0.00       0.00
-999.90     125.08     353.37       0.00       0.00       0.00       0.00
-999.90     120.77     357.16       0.00       0.00       0.00       0.00
-999.90     116.61     360.98       0.00       0.00       0.00       0.00
-999.90     112.60     364.86       0.00       0.00       0.00       0.00
-999.90     108.73     368.78       0.00       0.00       0.00       0.00
-999.90     104.99     372.81       0.00       0.00       0.00       0.00
-999.90     101.39     376.92       0.00       0.00       0.00       0.00
-999.90      97.92     381.14       0.00       0.00       0.00       0.00
-999.90      94.57     385.43       0.00       0.00       0.00       0.00
-999.90      91.34     389.74       0.00       0.00       0.00       0.00
-999.90      88.22     394.14       0.00       0.00       0.00       0.00
-999.90      85.21     398.66       0.00       0.00       0.00       0.00
-999.90      82.31     403.37       0.00       0.00       0.00       0.00
-999.90      79.51     408.20       0.00       0.00       0.00       0.00
-999.90      76.55     413.38       0.00       0.00       0.00       0.00
-999.90      73.41     419.11       0.00       0.00       0.00       0.00
-999.90      70.11     425.49       0.00       0.00       0.00       0.00
-999.90      66.68     432.74       0.00       0.00       0.00       0.00
-999.90      63.08     440.88       0.00       0.00       0.00       0.00
-999.90      59.37     450.39       0.00       0.00       0.00       0.00
-999.90      55.54     461.34       0.00       0.00       0.00       0.00
-999.90      51.63     473.94       0.00       0.00       0.00       0.00
-999.90      47.70     488.02       0.00       0.00       0.00       0.00
-999.90      43.89     503.52       0.00       0.00       0.00       0.00
-999.90      40.42     520.69       0.00       0.00       0.00       0.00
-999.90      37.24     538.22       0.00       0.00       0.00       0.00
-999.90      34.34     556.55       0.00       0.00       0.00       0.00
-999.90      31.70     573.69       0.00       0.00       0.00       0.00
-999.90      29.27     590.76       0.00       0.00       0.00       0.00
-999.90      27.04     605.43       0.00       0.00       0.00       0.00
-999.90      24.99     623.45       0.00       0.00       0.00       0.00
-999.90      23.11     643.76       0.00       0.00       0.00       0.00
-999.90      21.38     664.16       0.00       0.00       0.00       0.00
-999.90      19.80     683.30       0.00       0.00       0.00       0.00
-999.90      18.34     701.74       0.00       0.00       0.00       0.00
-999.90      16.99     719.66       0.00       0.00       0.00       0.00
-999.90      15.75     737.48       0.00       0.00       0.00       0.00
-999.90      14.60     755.60       0.00       0.00       0.00       0.00
-999.90      13.53     774.17       0.00       0.00       0.00       0.00
-999.90      12.55     793.26       0.00       0.00       0.00       0.00
-999.90      11.64     812.90       0.00       0.00       0.00       0.00
-999.90      10.80     832.83       0.00       0.00       0.00       0.00
-999.90      10.02     854.06       0.00       0.00       0.00       0.00
-999.90       9.30     875.48       0.00       0.00       0.00       0.00
-999.90       8.64     897.06       0.00       0.00       0.00       0.00
-999.90       8.02     917.92       0.00       0.00       0.00       0.00
-999.90       7.45     938.97       0.00       0.00       0.00       0.00
-999.90       6.92     960.21       0.00       0.00       0.00       0.00
-999.90       6.43     981.65       0.00       0.00       0.00       0.00
-999.90       5.97    1005.06       0.00       0.00       0.00       0.00
-999.90       5.55    1028.97       0.00       0.00       0.00       0.00
