z[m] p[mb] tpls[K/s] qls[kg/kg/s] uls vls wls
0.00 128 1008.29
-999.90    1006.00     296.89      14.78       0.00       0.00       0.00
-999.90    1001.42     296.75      14.21       0.00       0.00       0.00
-999.90     996.06     296.73      14.03       0.00       0.00       0.00
-999.90     990.03     296.75      13.93       0.00       0.00       0.00
-999.90     983.25     296.78      13.81       0.00       0.00       0.00
-999.90     975.82     296.83      13.68       0.00       0.00       0.00
-999.90     967.65     296.89      13.49       0.00       0.00       0.00
-999.90     958.76     296.99      13.23       0.00       0.00       0.00
-999.90     949.27     297.12      12.86       0.00       0.00       0.00
-999.90     939.08     297.33      12.34       0.00       0.00       0.00
-999.90     928.33     297.63      11.70       0.00       0.00       0.00
-999.90     916.93     298.02      11.00       0.00       0.00       0.00
-999.90     904.89     298.49      10.32       0.00       0.00       0.00
-999.90     892.34     299.02       9.65       0.00       0.00       0.00
-999.90     879.22     299.62       8.99       0.00       0.00       0.00
-999.90     865.54     300.28       8.32       0.00       0.00       0.00
-999.90     851.43     301.00       7.65       0.00       0.00       0.00
-999.90     836.82     301.75       6.99       0.00       0.00       0.00
-999.90     821.84     302.53       6.38       0.00       0.00       0.00
-999.90     806.41     303.33       5.83       0.00       0.00       0.00
-999.90     790.56     304.13       5.36       0.00       0.00       0.00
-999.90     774.41     304.93       4.94       0.00       0.00       0.00
-999.90     757.90     305.73       4.57       0.00       0.00       0.00
-999.90     741.13     306.55       4.23       0.00       0.00       0.00
-999.90     724.06     307.37       3.93       0.00       0.00       0.00
-999.90     706.97     308.22       3.65       0.00       0.00       0.00
-999.90     689.88     309.07       3.38       0.00       0.00       0.00
-999.90     673.12     309.93       3.13       0.00       0.00       0.00
-999.90     656.71     310.78       2.88       0.00       0.00       0.00
-999.90     640.62     311.64       2.65       0.00       0.00       0.00
-999.90     624.86     312.48       2.42       0.00       0.00       0.00
-999.90     609.42     313.33       2.22       0.00       0.00       0.00
-999.90     594.29     314.16       2.02       0.00       0.00       0.00
-999.90     579.46     314.99       1.85       0.00       0.00       0.00
-999.90     564.93     315.82       1.68       0.00       0.00       0.00
-999.90     550.69     316.64       1.53       0.00       0.00       0.00
-999.90     536.75     317.46       1.39       0.00       0.00       0.00
-999.90     523.10     318.28       1.26       0.00       0.00       0.00
-999.90     509.73     319.09       1.13       0.00       0.00       0.00
-999.90     496.64     319.90       1.01       0.00       0.00       0.00
-999.90     483.82     320.70       0.90       0.00       0.00       0.00
-999.90     471.27     321.48       0.80       0.00       0.00       0.00
-999.90     458.98     322.22       0.71       0.00       0.00       0.00
-999.90     446.95     322.93       0.64       0.00       0.00       0.00
-999.90     435.17     323.61       0.57       0.00       0.00       0.00
-999.90     423.63     324.25       0.51       0.00       0.00       0.00
-999.90     412.34     324.85       0.46       0.00       0.00       0.00
-999.90     401.29     325.43       0.42       0.00       0.00       0.00
-999.90     390.46     325.97       0.37       0.00       0.00       0.00
-999.90     379.86     326.49       0.34       0.00       0.00       0.00
-999.90     369.49     326.98       0.30       0.00       0.00       0.00
-999.90     359.33     327.46       0.27       0.00       0.00       0.00
-999.90     349.39     327.92       0.24       0.00       0.00       0.00
-999.90     339.66     328.37       0.21       0.00       0.00       0.00
-999.90     330.13     328.80       0.19       0.00       0.00       0.00
-999.90     320.81     329.23       0.17       0.00       0.00       0.00
-999.90     311.69     329.64       0.14       0.00       0.00       0.00
-999.90     302.77     330.06       0.13       0.00       0.00       0.00
-999.90     294.04     330.47       0.11       0.00       0.00       0.00
-999.90     285.50     330.88       0.10       0.00       0.00       0.00
-999.90     277.15     331.28       0.08       0.00       0.00       0.00
-999.90     268.99     331.70       0.07       0.00       0.00       0.00
-999.90     261.01     332.13       0.06       0.00       0.00       0.00
-999.90     253.21     332.58       0.05       0.00       0.00       0.00
-999.90     245.60     333.06       0.04       0.00       0.00       0.00
-999.90     238.16     333.55       0.04       0.00       0.00       0.00
-999.90     230.89     334.08       0.03       0.00       0.00       0.00
-999.90     223.80     334.64       0.03       0.00       0.00       0.00
-999.90     216.87     335.23       0.02       0.00       0.00       0.00
-999.90     210.12     335.86       0.02       0.00       0.00       0.00
-999.90     203.52     336.53       0.01       0.00       0.00       0.00
-999.90     197.08     337.26       0.01       0.00       0.00       0.00
-999.90     190.81     338.04       0.01       0.00       0.00       0.00
-999.90     184.68     338.88       0.01       0.00       0.00       0.00
-999.90     178.71     339.79       0.01       0.00       0.00       0.00
-999.90     172.90     340.75       0.01       0.00       0.00       0.00
-999.90     167.24     341.78       0.01       0.00       0.00       0.00
-999.90     161.73     342.89       0.01       0.00       0.00       0.00
-999.90     156.38     344.11       0.00       0.00       0.00       0.00
-999.90     151.19     345.48       0.00       0.00       0.00       0.00
-999.90     146.17     347.02       0.00       0.00       0.00       0.00
-999.90     141.30     348.78       0.00       0.00       0.00       0.00
-999.90     136.57     350.75       0.00       0.00       0.00       0.00
-999.90     131.97     352.93       0.00       0.00       0.00       0.00
-999.90     127.51     355.31       0.00       0.00       0.00       0.00
-999.90     123.18     357.90       0.00       0.00       0.00       0.00
-999.90     118.97     360.74       0.00       0.00       0.00       0.00
-999.90     114.89     363.85       0.00       0.00       0.00       0.00
-999.90     110.94     367.25       0.00       0.00       0.00       0.00
-999.90     107.11     370.92       0.00       0.00       0.00       0.00
-999.90     103.41     374.85       0.00       0.00       0.00       0.00
-999.90      99.49     379.36       0.00       0.00       0.00       0.00
-999.90      95.34     384.73       0.00       0.00       0.00       0.00
-999.90      90.99     391.01       0.00       0.00       0.00       0.00
-999.90      86.47     398.15       0.00       0.00       0.00       0.00
-999.90      81.76     406.15       0.00       0.00       0.00       0.00
-999.90      76.91     415.14       0.00       0.00       0.00       0.00
-999.90      71.93     425.33       0.00       0.00       0.00       0.00
-999.90      66.87     436.93       0.00       0.00       0.00       0.00
-999.90      61.74     450.73       0.00       0.00       0.00       0.00
-999.90      56.76     466.55       0.00       0.00       0.00       0.00
-999.90      52.22     483.89       0.00       0.00       0.00       0.00
-999.90      48.12     501.91       0.00       0.00       0.00       0.00
-999.90      44.41     519.96       0.00       0.00       0.00       0.00
-999.90      41.03     535.92       0.00       0.00       0.00       0.00
-999.90      37.92     552.17       0.00       0.00       0.00       0.00
-999.90      35.04     567.71       0.00       0.00       0.00       0.00
-999.90      32.39     584.30       0.00       0.00       0.00       0.00
-999.90      29.96     601.93       0.00       0.00       0.00       0.00
-999.90      27.73     622.58       0.00       0.00       0.00       0.00
-999.90      25.70     643.05       0.00       0.00       0.00       0.00
-999.90      23.83     661.79       0.00       0.00       0.00       0.00
-999.90      22.11     678.71       0.00       0.00       0.00       0.00
-999.90      20.51     694.69       0.00       0.00       0.00       0.00
-999.90      19.04     710.79       0.00       0.00       0.00       0.00
-999.90      17.67     727.25       0.00       0.00       0.00       0.00
-999.90      16.40     744.16       0.00       0.00       0.00       0.00
-999.90      15.23     761.68       0.00       0.00       0.00       0.00
-999.90      14.14     779.68       0.00       0.00       0.00       0.00
-999.90      13.13     798.52       0.00       0.00       0.00       0.00
-999.90      12.20     817.63       0.00       0.00       0.00       0.00
-999.90      11.33     836.90       0.00       0.00       0.00       0.00
-999.90      10.53     855.50       0.00       0.00       0.00       0.00
-999.90       9.78     874.37       0.00       0.00       0.00       0.00
-999.90       9.09     893.74       0.00       0.00       0.00       0.00
-999.90       8.45     913.64       0.00       0.00       0.00       0.00
-999.90       7.85     936.89       0.00       0.00       0.00       0.00
-999.90       7.30     960.62       0.00       0.00       0.00       0.00
1000.00 128 1008.29
-999.90    1006.00     296.89      14.78       0.00       0.00       0.00
-999.90    1001.42     296.75      14.21       0.00       0.00       0.00
-999.90     996.06     296.73      14.03       0.00       0.00       0.00
-999.90     990.03     296.75      13.93       0.00       0.00       0.00
-999.90     983.25     296.78      13.81       0.00       0.00       0.00
-999.90     975.82     296.83      13.68       0.00       0.00       0.00
-999.90     967.65     296.89      13.49       0.00       0.00       0.00
-999.90     958.76     296.99      13.23       0.00       0.00       0.00
-999.90     949.27     297.12      12.86       0.00       0.00       0.00
-999.90     939.08     297.33      12.34       0.00       0.00       0.00
-999.90     928.33     297.63      11.70       0.00       0.00       0.00
-999.90     916.93     298.02      11.00       0.00       0.00       0.00
-999.90     904.89     298.49      10.32       0.00       0.00       0.00
-999.90     892.34     299.02       9.65       0.00       0.00       0.00
-999.90     879.22     299.62       8.99       0.00       0.00       0.00
-999.90     865.54     300.28       8.32       0.00       0.00       0.00
-999.90     851.43     301.00       7.65       0.00       0.00       0.00
-999.90     836.82     301.75       6.99       0.00       0.00       0.00
-999.90     821.84     302.53       6.38       0.00       0.00       0.00
-999.90     806.41     303.33       5.83       0.00       0.00       0.00
-999.90     790.56     304.13       5.36       0.00       0.00       0.00
-999.90     774.41     304.93       4.94       0.00       0.00       0.00
-999.90     757.90     305.73       4.57       0.00       0.00       0.00
-999.90     741.13     306.55       4.23       0.00       0.00       0.00
-999.90     724.06     307.37       3.93       0.00       0.00       0.00
-999.90     706.97     308.22       3.65       0.00       0.00       0.00
-999.90     689.88     309.07       3.38       0.00       0.00       0.00
-999.90     673.12     309.93       3.13       0.00       0.00       0.00
-999.90     656.71     310.78       2.88       0.00       0.00       0.00
-999.90     640.62     311.64       2.65       0.00       0.00       0.00
-999.90     624.86     312.48       2.42       0.00       0.00       0.00
-999.90     609.42     313.33       2.22       0.00       0.00       0.00
-999.90     594.29     314.16       2.02       0.00       0.00       0.00
-999.90     579.46     314.99       1.85       0.00       0.00       0.00
-999.90     564.93     315.82       1.68       0.00       0.00       0.00
-999.90     550.69     316.64       1.53       0.00       0.00       0.00
-999.90     536.75     317.46       1.39       0.00       0.00       0.00
-999.90     523.10     318.28       1.26       0.00       0.00       0.00
-999.90     509.73     319.09       1.13       0.00       0.00       0.00
-999.90     496.64     319.90       1.01       0.00       0.00       0.00
-999.90     483.82     320.70       0.90       0.00       0.00       0.00
-999.90     471.27     321.48       0.80       0.00       0.00       0.00
-999.90     458.98     322.22       0.71       0.00       0.00       0.00
-999.90     446.95     322.93       0.64       0.00       0.00       0.00
-999.90     435.17     323.61       0.57       0.00       0.00       0.00
-999.90     423.63     324.25       0.51       0.00       0.00       0.00
-999.90     412.34     324.85       0.46       0.00       0.00       0.00
-999.90     401.29     325.43       0.42       0.00       0.00       0.00
-999.90     390.46     325.97       0.37       0.00       0.00       0.00
-999.90     379.86     326.49       0.34       0.00       0.00       0.00
-999.90     369.49     326.98       0.30       0.00       0.00       0.00
-999.90     359.33     327.46       0.27       0.00       0.00       0.00
-999.90     349.39     327.92       0.24       0.00       0.00       0.00
-999.90     339.66     328.37       0.21       0.00       0.00       0.00
-999.90     330.13     328.80       0.19       0.00       0.00       0.00
-999.90     320.81     329.23       0.17       0.00       0.00       0.00
-999.90     311.69     329.64       0.14       0.00       0.00       0.00
-999.90     302.77     330.06       0.13       0.00       0.00       0.00
-999.90     294.04     330.47       0.11       0.00       0.00       0.00
-999.90     285.50     330.88       0.10       0.00       0.00       0.00
-999.90     277.15     331.28       0.08       0.00       0.00       0.00
-999.90     268.99     331.70       0.07       0.00       0.00       0.00
-999.90     261.01     332.13       0.06       0.00       0.00       0.00
-999.90     253.21     332.58       0.05       0.00       0.00       0.00
-999.90     245.60     333.06       0.04       0.00       0.00       0.00
-999.90     238.16     333.55       0.04       0.00       0.00       0.00
-999.90     230.89     334.08       0.03       0.00       0.00       0.00
-999.90     223.80     334.64       0.03       0.00       0.00       0.00
-999.90     216.87     335.23       0.02       0.00       0.00       0.00
-999.90     210.12     335.86       0.02       0.00       0.00       0.00
-999.90     203.52     336.53       0.01       0.00       0.00       0.00
-999.90     197.08     337.26       0.01       0.00       0.00       0.00
-999.90     190.81     338.04       0.01       0.00       0.00       0.00
-999.90     184.68     338.88       0.01       0.00       0.00       0.00
-999.90     178.71     339.79       0.01       0.00       0.00       0.00
-999.90     172.90     340.75       0.01       0.00       0.00       0.00
-999.90     167.24     341.78       0.01       0.00       0.00       0.00
-999.90     161.73     342.89       0.01       0.00       0.00       0.00
-999.90     156.38     344.11       0.00       0.00       0.00       0.00
-999.90     151.19     345.48       0.00       0.00       0.00       0.00
-999.90     146.17     347.02       0.00       0.00       0.00       0.00
-999.90     141.30     348.78       0.00       0.00       0.00       0.00
-999.90     136.57     350.75       0.00       0.00       0.00       0.00
-999.90     131.97     352.93       0.00       0.00       0.00       0.00
-999.90     127.51     355.31       0.00       0.00       0.00       0.00
-999.90     123.18     357.90       0.00       0.00       0.00       0.00
-999.90     118.97     360.74       0.00       0.00       0.00       0.00
-999.90     114.89     363.85       0.00       0.00       0.00       0.00
-999.90     110.94     367.25       0.00       0.00       0.00       0.00
-999.90     107.11     370.92       0.00       0.00       0.00       0.00
-999.90     103.41     374.85       0.00       0.00       0.00       0.00
-999.90      99.49     379.36       0.00       0.00       0.00       0.00
-999.90      95.34     384.73       0.00       0.00       0.00       0.00
-999.90      90.99     391.01       0.00       0.00       0.00       0.00
-999.90      86.47     398.15       0.00       0.00       0.00       0.00
-999.90      81.76     406.15       0.00       0.00       0.00       0.00
-999.90      76.91     415.14       0.00       0.00       0.00       0.00
-999.90      71.93     425.33       0.00       0.00       0.00       0.00
-999.90      66.87     436.93       0.00       0.00       0.00       0.00
-999.90      61.74     450.73       0.00       0.00       0.00       0.00
-999.90      56.76     466.55       0.00       0.00       0.00       0.00
-999.90      52.22     483.89       0.00       0.00       0.00       0.00
-999.90      48.12     501.91       0.00       0.00       0.00       0.00
-999.90      44.41     519.96       0.00       0.00       0.00       0.00
-999.90      41.03     535.92       0.00       0.00       0.00       0.00
-999.90      37.92     552.17       0.00       0.00       0.00       0.00
-999.90      35.04     567.71       0.00       0.00       0.00       0.00
-999.90      32.39     584.30       0.00       0.00       0.00       0.00
-999.90      29.96     601.93       0.00       0.00       0.00       0.00
-999.90      27.73     622.58       0.00       0.00       0.00       0.00
-999.90      25.70     643.05       0.00       0.00       0.00       0.00
-999.90      23.83     661.79       0.00       0.00       0.00       0.00
-999.90      22.11     678.71       0.00       0.00       0.00       0.00
-999.90      20.51     694.69       0.00       0.00       0.00       0.00
-999.90      19.04     710.79       0.00       0.00       0.00       0.00
-999.90      17.67     727.25       0.00       0.00       0.00       0.00
-999.90      16.40     744.16       0.00       0.00       0.00       0.00
-999.90      15.23     761.68       0.00       0.00       0.00       0.00
-999.90      14.14     779.68       0.00       0.00       0.00       0.00
-999.90      13.13     798.52       0.00       0.00       0.00       0.00
-999.90      12.20     817.63       0.00       0.00       0.00       0.00
-999.90      11.33     836.90       0.00       0.00       0.00       0.00
-999.90      10.53     855.50       0.00       0.00       0.00       0.00
-999.90       9.78     874.37       0.00       0.00       0.00       0.00
-999.90       9.09     893.74       0.00       0.00       0.00       0.00
-999.90       8.45     913.64       0.00       0.00       0.00       0.00
-999.90       7.85     936.89       0.00       0.00       0.00       0.00
-999.90       7.30     960.62       0.00       0.00       0.00       0.00
