z[m] p[mb] tpls[K/s] qls[kg/kg/s] uls vls wls
0.00 128 1008.29
-999.90    1006.20     318.26      57.84       0.00       0.00       0.00
-999.90    1002.04     318.19      56.18       0.00       0.00       0.00
-999.90     997.15     318.17      55.06       0.00       0.00       0.00
-999.90     991.66     318.18      54.11       0.00       0.00       0.00
-999.90     985.47     318.22      53.11       0.00       0.00       0.00
-999.90     978.69     318.28      51.99       0.00       0.00       0.00
-999.90     971.22     318.38      50.70       0.00       0.00       0.00
-999.90     963.09     318.52      49.24       0.00       0.00       0.00
-999.90     954.39     318.71      47.61       0.00       0.00       0.00
-999.90     945.05     318.98      45.81       0.00       0.00       0.00
-999.90     935.18     319.40      43.77       0.00       0.00       0.00
-999.90     924.70     320.06      41.22       0.00       0.00       0.00
-999.90     913.64     321.00      38.28       0.00       0.00       0.00
-999.90     902.10     322.02      35.73       0.00       0.00       0.00
-999.90     890.03     322.97      33.98       0.00       0.00       0.00
-999.90     877.42     323.88      32.70       0.00       0.00       0.00
-999.90     864.42     324.79      31.69       0.00       0.00       0.00
-999.90     850.94     325.73      30.90       0.00       0.00       0.00
-999.90     837.09     326.69      30.33       0.00       0.00       0.00
-999.90     822.82     327.69      29.89       0.00       0.00       0.00
-999.90     808.14     328.73      29.48       0.00       0.00       0.00
-999.90     793.17     329.82      29.10       0.00       0.00       0.00
-999.90     777.84     330.97      28.70       0.00       0.00       0.00
-999.90     762.28     332.17      28.16       0.00       0.00       0.00
-999.90     746.42     333.46      27.41       0.00       0.00       0.00
-999.90     730.53     334.81      26.41       0.00       0.00       0.00
-999.90     714.63     336.22      25.26       0.00       0.00       0.00
-999.90     699.03     337.66      24.02       0.00       0.00       0.00
-999.90     683.73     339.14      22.74       0.00       0.00       0.00
-999.90     668.73     340.66      21.43       0.00       0.00       0.00
-999.90     654.02     342.19      20.17       0.00       0.00       0.00
-999.90     639.59     343.74      18.98       0.00       0.00       0.00
-999.90     625.44     345.28      17.94       0.00       0.00       0.00
-999.90     611.56     346.80      17.02       0.00       0.00       0.00
-999.90     597.96     348.31      16.22       0.00       0.00       0.00
-999.90     584.62     349.82      15.49       0.00       0.00       0.00
-999.90     571.55     351.31      14.83       0.00       0.00       0.00
-999.90     558.73     352.80      14.25       0.00       0.00       0.00
-999.90     546.17     354.28      13.73       0.00       0.00       0.00
-999.90     533.87     355.75      13.27       0.00       0.00       0.00
-999.90     521.81     357.22      12.86       0.00       0.00       0.00
-999.90     510.00     358.69      12.47       0.00       0.00       0.00
-999.90     498.42     360.17      12.10       0.00       0.00       0.00
-999.90     487.08     361.66      11.73       0.00       0.00       0.00
-999.90     475.96     363.17      11.36       0.00       0.00       0.00
-999.90     465.08     364.68      11.01       0.00       0.00       0.00
-999.90     454.41     366.20      10.67       0.00       0.00       0.00
-999.90     443.96     367.72      10.37       0.00       0.00       0.00
-999.90     433.73     369.23      10.09       0.00       0.00       0.00
-999.90     423.70     370.75       9.84       0.00       0.00       0.00
-999.90     413.88     372.27       9.63       0.00       0.00       0.00
-999.90     404.26     373.78       9.42       0.00       0.00       0.00
-999.90     394.83     375.32       9.20       0.00       0.00       0.00
-999.90     385.60     376.86       8.96       0.00       0.00       0.00
-999.90     376.56     378.43       8.71       0.00       0.00       0.00
-999.90     367.71     380.00       8.48       0.00       0.00       0.00
-999.90     359.04     381.59       8.29       0.00       0.00       0.00
-999.90     350.55     383.19       8.13       0.00       0.00       0.00
-999.90     342.24     384.79       8.00       0.00       0.00       0.00
-999.90     334.11     386.41       7.88       0.00       0.00       0.00
-999.90     326.15     388.04       7.76       0.00       0.00       0.00
-999.90     318.35     389.69       7.64       0.00       0.00       0.00
-999.90     310.72     391.36       7.49       0.00       0.00       0.00
-999.90     303.25     393.05       7.33       0.00       0.00       0.00
-999.90     295.94     394.76       7.15       0.00       0.00       0.00
-999.90     288.79     396.48       6.95       0.00       0.00       0.00
-999.90     281.79     398.21       6.72       0.00       0.00       0.00
-999.90     274.94     399.97       6.47       0.00       0.00       0.00
-999.90     268.25     401.75       6.21       0.00       0.00       0.00
-999.90     261.69     403.57       5.94       0.00       0.00       0.00
-999.90     255.29     405.41       5.68       0.00       0.00       0.00
-999.90     249.03     407.26       5.45       0.00       0.00       0.00
-999.90     242.90     409.11       5.24       0.00       0.00       0.00
-999.90     236.92     410.96       5.05       0.00       0.00       0.00
-999.90     231.07     412.82       4.89       0.00       0.00       0.00
-999.90     225.34     414.69       4.73       0.00       0.00       0.00
-999.90     219.75     416.57       4.59       0.00       0.00       0.00
-999.90     214.27     418.46       4.44       0.00       0.00       0.00
-999.90     208.92     420.37       4.30       0.00       0.00       0.00
-999.90     203.68     422.29       4.15       0.00       0.00       0.00
-999.90     198.56     424.22       4.00       0.00       0.00       0.00
-999.90     193.56     426.14       3.84       0.00       0.00       0.00
-999.90     188.66     428.07       3.67       0.00       0.00       0.00
-999.90     183.88     430.00       3.50       0.00       0.00       0.00
-999.90     179.20     431.96       3.32       0.00       0.00       0.00
-999.90     174.63     433.92       3.16       0.00       0.00       0.00
-999.90     170.16     435.88       3.00       0.00       0.00       0.00
-999.90     165.79     437.84       2.86       0.00       0.00       0.00
-999.90     161.51     439.80       2.74       0.00       0.00       0.00
-999.90     157.33     441.77       2.61       0.00       0.00       0.00
-999.90     153.25     443.74       2.49       0.00       0.00       0.00
-999.90     148.86     445.92       2.37       0.00       0.00       0.00
-999.90     144.15     448.33       2.24       0.00       0.00       0.00
-999.90     139.11     450.97       2.12       0.00       0.00       0.00
-999.90     133.77     453.84       2.00       0.00       0.00       0.00
-999.90     128.07     456.96       1.87       0.00       0.00       0.00
-999.90     122.06     460.33       1.73       0.00       0.00       0.00
-999.90     115.70     464.02       1.59       0.00       0.00       0.00
-999.90     109.07     468.02       1.43       0.00       0.00       0.00
-999.90     102.16     472.21       1.27       0.00       0.00       0.00
-999.90      95.27     476.49       1.11       0.00       0.00       0.00
-999.90      88.78     480.68       0.96       0.00       0.00       0.00
-999.90      82.66     484.69       0.83       0.00       0.00       0.00
-999.90      76.89     488.47       0.72       0.00       0.00       0.00
-999.90      71.46     491.90       0.62       0.00       0.00       0.00
-999.90      66.34     495.29       0.51       0.00       0.00       0.00
-999.90      61.53     498.65       0.42       0.00       0.00       0.00
-999.90      57.00     502.17       0.30       0.00       0.00       0.00
-999.90      52.75     506.57       0.20       0.00       0.00       0.00
-999.90      48.78     512.58       0.13       0.00       0.00       0.00
-999.90      45.07     520.45       0.09       0.00       0.00       0.00
-999.90      41.62     531.01       0.06       0.00       0.00       0.00
-999.90      38.44     544.74       0.04       0.00       0.00       0.00
-999.90      35.51     560.47       0.03       0.00       0.00       0.00
-999.90      32.82     574.04       0.03       0.00       0.00       0.00
-999.90      30.32     586.46       0.03       0.00       0.00       0.00
-999.90      28.01     601.00       0.02       0.00       0.00       0.00
-999.90      25.88     614.84       0.02       0.00       0.00       0.00
-999.90      23.91     630.05       0.01       0.00       0.00       0.00
-999.90      22.10     648.80       0.01       0.00       0.00       0.00
-999.90      20.42     673.25       0.00       0.00       0.00       0.00
-999.90      18.90     696.80       0.00       0.00       0.00       0.00
-999.90      17.50     716.32       0.00       0.00       0.00       0.00
-999.90      16.22     733.66       0.00       0.00       0.00       0.00
-999.90      15.03     750.65       0.00       0.00       0.00       0.00
-999.90      13.94     767.52       0.00       0.00       0.00       0.00
-999.90      12.92     787.18       0.00       0.00       0.00       0.00
-999.90      11.98     807.26       0.00       0.00       0.00       0.00
1000.00 128 1008.29
-999.90    1006.20     318.26      57.84       0.00       0.00       0.00
-999.90    1002.04     318.19      56.18       0.00       0.00       0.00
-999.90     997.15     318.17      55.06       0.00       0.00       0.00
-999.90     991.66     318.18      54.11       0.00       0.00       0.00
-999.90     985.47     318.22      53.11       0.00       0.00       0.00
-999.90     978.69     318.28      51.99       0.00       0.00       0.00
-999.90     971.22     318.38      50.70       0.00       0.00       0.00
-999.90     963.09     318.52      49.24       0.00       0.00       0.00
-999.90     954.39     318.71      47.61       0.00       0.00       0.00
-999.90     945.05     318.98      45.81       0.00       0.00       0.00
-999.90     935.18     319.40      43.77       0.00       0.00       0.00
-999.90     924.70     320.06      41.22       0.00       0.00       0.00
-999.90     913.64     321.00      38.28       0.00       0.00       0.00
-999.90     902.10     322.02      35.73       0.00       0.00       0.00
-999.90     890.03     322.97      33.98       0.00       0.00       0.00
-999.90     877.42     323.88      32.70       0.00       0.00       0.00
-999.90     864.42     324.79      31.69       0.00       0.00       0.00
-999.90     850.94     325.73      30.90       0.00       0.00       0.00
-999.90     837.09     326.69      30.33       0.00       0.00       0.00
-999.90     822.82     327.69      29.89       0.00       0.00       0.00
-999.90     808.14     328.73      29.48       0.00       0.00       0.00
-999.90     793.17     329.82      29.10       0.00       0.00       0.00
-999.90     777.84     330.97      28.70       0.00       0.00       0.00
-999.90     762.28     332.17      28.16       0.00       0.00       0.00
-999.90     746.42     333.46      27.41       0.00       0.00       0.00
-999.90     730.53     334.81      26.41       0.00       0.00       0.00
-999.90     714.63     336.22      25.26       0.00       0.00       0.00
-999.90     699.03     337.66      24.02       0.00       0.00       0.00
-999.90     683.73     339.14      22.74       0.00       0.00       0.00
-999.90     668.73     340.66      21.43       0.00       0.00       0.00
-999.90     654.02     342.19      20.17       0.00       0.00       0.00
-999.90     639.59     343.74      18.98       0.00       0.00       0.00
-999.90     625.44     345.28      17.94       0.00       0.00       0.00
-999.90     611.56     346.80      17.02       0.00       0.00       0.00
-999.90     597.96     348.31      16.22       0.00       0.00       0.00
-999.90     584.62     349.82      15.49       0.00       0.00       0.00
-999.90     571.55     351.31      14.83       0.00       0.00       0.00
-999.90     558.73     352.80      14.25       0.00       0.00       0.00
-999.90     546.17     354.28      13.73       0.00       0.00       0.00
-999.90     533.87     355.75      13.27       0.00       0.00       0.00
-999.90     521.81     357.22      12.86       0.00       0.00       0.00
-999.90     510.00     358.69      12.47       0.00       0.00       0.00
-999.90     498.42     360.17      12.10       0.00       0.00       0.00
-999.90     487.08     361.66      11.73       0.00       0.00       0.00
-999.90     475.96     363.17      11.36       0.00       0.00       0.00
-999.90     465.08     364.68      11.01       0.00       0.00       0.00
-999.90     454.41     366.20      10.67       0.00       0.00       0.00
-999.90     443.96     367.72      10.37       0.00       0.00       0.00
-999.90     433.73     369.23      10.09       0.00       0.00       0.00
-999.90     423.70     370.75       9.84       0.00       0.00       0.00
-999.90     413.88     372.27       9.63       0.00       0.00       0.00
-999.90     404.26     373.78       9.42       0.00       0.00       0.00
-999.90     394.83     375.32       9.20       0.00       0.00       0.00
-999.90     385.60     376.86       8.96       0.00       0.00       0.00
-999.90     376.56     378.43       8.71       0.00       0.00       0.00
-999.90     367.71     380.00       8.48       0.00       0.00       0.00
-999.90     359.04     381.59       8.29       0.00       0.00       0.00
-999.90     350.55     383.19       8.13       0.00       0.00       0.00
-999.90     342.24     384.79       8.00       0.00       0.00       0.00
-999.90     334.11     386.41       7.88       0.00       0.00       0.00
-999.90     326.15     388.04       7.76       0.00       0.00       0.00
-999.90     318.35     389.69       7.64       0.00       0.00       0.00
-999.90     310.72     391.36       7.49       0.00       0.00       0.00
-999.90     303.25     393.05       7.33       0.00       0.00       0.00
-999.90     295.94     394.76       7.15       0.00       0.00       0.00
-999.90     288.79     396.48       6.95       0.00       0.00       0.00
-999.90     281.79     398.21       6.72       0.00       0.00       0.00
-999.90     274.94     399.97       6.47       0.00       0.00       0.00
-999.90     268.25     401.75       6.21       0.00       0.00       0.00
-999.90     261.69     403.57       5.94       0.00       0.00       0.00
-999.90     255.29     405.41       5.68       0.00       0.00       0.00
-999.90     249.03     407.26       5.45       0.00       0.00       0.00
-999.90     242.90     409.11       5.24       0.00       0.00       0.00
-999.90     236.92     410.96       5.05       0.00       0.00       0.00
-999.90     231.07     412.82       4.89       0.00       0.00       0.00
-999.90     225.34     414.69       4.73       0.00       0.00       0.00
-999.90     219.75     416.57       4.59       0.00       0.00       0.00
-999.90     214.27     418.46       4.44       0.00       0.00       0.00
-999.90     208.92     420.37       4.30       0.00       0.00       0.00
-999.90     203.68     422.29       4.15       0.00       0.00       0.00
-999.90     198.56     424.22       4.00       0.00       0.00       0.00
-999.90     193.56     426.14       3.84       0.00       0.00       0.00
-999.90     188.66     428.07       3.67       0.00       0.00       0.00
-999.90     183.88     430.00       3.50       0.00       0.00       0.00
-999.90     179.20     431.96       3.32       0.00       0.00       0.00
-999.90     174.63     433.92       3.16       0.00       0.00       0.00
-999.90     170.16     435.88       3.00       0.00       0.00       0.00
-999.90     165.79     437.84       2.86       0.00       0.00       0.00
-999.90     161.51     439.80       2.74       0.00       0.00       0.00
-999.90     157.33     441.77       2.61       0.00       0.00       0.00
-999.90     153.25     443.74       2.49       0.00       0.00       0.00
-999.90     148.86     445.92       2.37       0.00       0.00       0.00
-999.90     144.15     448.33       2.24       0.00       0.00       0.00
-999.90     139.11     450.97       2.12       0.00       0.00       0.00
-999.90     133.77     453.84       2.00       0.00       0.00       0.00
-999.90     128.07     456.96       1.87       0.00       0.00       0.00
-999.90     122.06     460.33       1.73       0.00       0.00       0.00
-999.90     115.70     464.02       1.59       0.00       0.00       0.00
-999.90     109.07     468.02       1.43       0.00       0.00       0.00
-999.90     102.16     472.21       1.27       0.00       0.00       0.00
-999.90      95.27     476.49       1.11       0.00       0.00       0.00
-999.90      88.78     480.68       0.96       0.00       0.00       0.00
-999.90      82.66     484.69       0.83       0.00       0.00       0.00
-999.90      76.89     488.47       0.72       0.00       0.00       0.00
-999.90      71.46     491.90       0.62       0.00       0.00       0.00
-999.90      66.34     495.29       0.51       0.00       0.00       0.00
-999.90      61.53     498.65       0.42       0.00       0.00       0.00
-999.90      57.00     502.17       0.30       0.00       0.00       0.00
-999.90      52.75     506.57       0.20       0.00       0.00       0.00
-999.90      48.78     512.58       0.13       0.00       0.00       0.00
-999.90      45.07     520.45       0.09       0.00       0.00       0.00
-999.90      41.62     531.01       0.06       0.00       0.00       0.00
-999.90      38.44     544.74       0.04       0.00       0.00       0.00
-999.90      35.51     560.47       0.03       0.00       0.00       0.00
-999.90      32.82     574.04       0.03       0.00       0.00       0.00
-999.90      30.32     586.46       0.03       0.00       0.00       0.00
-999.90      28.01     601.00       0.02       0.00       0.00       0.00
-999.90      25.88     614.84       0.02       0.00       0.00       0.00
-999.90      23.91     630.05       0.01       0.00       0.00       0.00
-999.90      22.10     648.80       0.01       0.00       0.00       0.00
-999.90      20.42     673.25       0.00       0.00       0.00       0.00
-999.90      18.90     696.80       0.00       0.00       0.00       0.00
-999.90      17.50     716.32       0.00       0.00       0.00       0.00
-999.90      16.22     733.66       0.00       0.00       0.00       0.00
-999.90      15.03     750.65       0.00       0.00       0.00       0.00
-999.90      13.94     767.52       0.00       0.00       0.00       0.00
-999.90      12.92     787.18       0.00       0.00       0.00       0.00
-999.90      11.98     807.26       0.00       0.00       0.00       0.00
