z[m] p[mb] tpls[K/s] qls[kg/kg/s] uls vls wls
0.00 128 1008.29
-999.90    1006.09     307.31      29.62       0.00       0.00       0.00
-999.90    1001.71     307.18      28.69       0.00       0.00       0.00
-999.90     996.57     307.15      28.36       0.00       0.00       0.00
-999.90     990.80     307.16      28.15       0.00       0.00       0.00
-999.90     984.29     307.19      27.93       0.00       0.00       0.00
-999.90     977.17     307.24      27.65       0.00       0.00       0.00
-999.90     969.34     307.32      27.26       0.00       0.00       0.00
-999.90     960.81     307.45      26.68       0.00       0.00       0.00
-999.90     951.70     307.68      25.85       0.00       0.00       0.00
-999.90     941.92     308.06      24.76       0.00       0.00       0.00
-999.90     931.61     308.58      23.56       0.00       0.00       0.00
-999.90     920.66     309.20      22.44       0.00       0.00       0.00
-999.90     909.12     309.89      21.35       0.00       0.00       0.00
-999.90     897.09     310.64      20.25       0.00       0.00       0.00
-999.90     884.50     311.45      19.12       0.00       0.00       0.00
-999.90     871.37     312.32      17.97       0.00       0.00       0.00
-999.90     857.83     313.22      16.82       0.00       0.00       0.00
-999.90     843.81     314.17      15.70       0.00       0.00       0.00
-999.90     829.41     315.16      14.64       0.00       0.00       0.00
-999.90     814.58     316.19      13.64       0.00       0.00       0.00
-999.90     799.35     317.26      12.71       0.00       0.00       0.00
-999.90     783.83     318.37      11.86       0.00       0.00       0.00
-999.90     767.96     319.53      11.07       0.00       0.00       0.00
-999.90     751.85     320.72      10.34       0.00       0.00       0.00
-999.90     735.44     321.95       9.67       0.00       0.00       0.00
-999.90     719.01     323.19       9.08       0.00       0.00       0.00
-999.90     702.58     324.45       8.56       0.00       0.00       0.00
-999.90     686.47     325.70       8.11       0.00       0.00       0.00
-999.90     670.69     326.92       7.72       0.00       0.00       0.00
-999.90     655.22     328.12       7.37       0.00       0.00       0.00
-999.90     640.06     329.30       7.03       0.00       0.00       0.00
-999.90     625.21     330.46       6.72       0.00       0.00       0.00
-999.90     610.64     331.61       6.42       0.00       0.00       0.00
-999.90     596.37     332.74       6.14       0.00       0.00       0.00
-999.90     582.37     333.86       5.87       0.00       0.00       0.00
-999.90     568.66     334.98       5.60       0.00       0.00       0.00
-999.90     555.22     336.09       5.35       0.00       0.00       0.00
-999.90     542.06     337.20       5.11       0.00       0.00       0.00
-999.90     529.16     338.31       4.89       0.00       0.00       0.00
-999.90     516.52     339.43       4.67       0.00       0.00       0.00
-999.90     504.13     340.55       4.46       0.00       0.00       0.00
-999.90     492.00     341.68       4.25       0.00       0.00       0.00
-999.90     480.12     342.82       4.03       0.00       0.00       0.00
-999.90     468.48     343.97       3.82       0.00       0.00       0.00
-999.90     457.08     345.12       3.61       0.00       0.00       0.00
-999.90     445.91     346.28       3.41       0.00       0.00       0.00
-999.90     434.97     347.44       3.23       0.00       0.00       0.00
-999.90     424.26     348.61       3.05       0.00       0.00       0.00
-999.90     413.77     349.77       2.89       0.00       0.00       0.00
-999.90     403.51     350.94       2.74       0.00       0.00       0.00
-999.90     393.46     352.13       2.59       0.00       0.00       0.00
-999.90     383.63     353.32       2.43       0.00       0.00       0.00
-999.90     374.00     354.52       2.28       0.00       0.00       0.00
-999.90     364.58     355.73       2.13       0.00       0.00       0.00
-999.90     355.37     356.96       1.98       0.00       0.00       0.00
-999.90     346.35     358.20       1.82       0.00       0.00       0.00
-999.90     337.52     359.44       1.68       0.00       0.00       0.00
-999.90     328.88     360.68       1.55       0.00       0.00       0.00
-999.90     320.43     361.90       1.42       0.00       0.00       0.00
-999.90     312.17     363.10       1.31       0.00       0.00       0.00
-999.90     304.08     364.28       1.21       0.00       0.00       0.00
-999.90     296.17     365.43       1.12       0.00       0.00       0.00
-999.90     288.43     366.56       1.03       0.00       0.00       0.00
-999.90     280.86     367.67       0.96       0.00       0.00       0.00
-999.90     273.45     368.76       0.89       0.00       0.00       0.00
-999.90     266.21     369.83       0.82       0.00       0.00       0.00
-999.90     259.13     370.88       0.76       0.00       0.00       0.00
-999.90     252.20     371.89       0.70       0.00       0.00       0.00
-999.90     245.42     372.88       0.65       0.00       0.00       0.00
-999.90     238.79     373.84       0.60       0.00       0.00       0.00
-999.90     232.31     374.78       0.55       0.00       0.00       0.00
-999.90     225.97     375.70       0.50       0.00       0.00       0.00
-999.90     219.77     376.61       0.46       0.00       0.00       0.00
-999.90     213.71     377.49       0.42       0.00       0.00       0.00
-999.90     207.79     378.35       0.38       0.00       0.00       0.00
-999.90     201.99     379.19       0.35       0.00       0.00       0.00
-999.90     196.33     380.03       0.31       0.00       0.00       0.00
-999.90     190.80     380.87       0.28       0.00       0.00       0.00
-999.90     185.39     381.70       0.25       0.00       0.00       0.00
-999.90     180.10     382.53       0.23       0.00       0.00       0.00
-999.90     174.93     383.35       0.20       0.00       0.00       0.00
-999.90     169.88     384.17       0.18       0.00       0.00       0.00
-999.90     164.95     385.00       0.16       0.00       0.00       0.00
-999.90     160.13     385.84       0.14       0.00       0.00       0.00
-999.90     155.43     386.71       0.12       0.00       0.00       0.00
-999.90     150.83     387.59       0.11       0.00       0.00       0.00
-999.90     146.34     388.49       0.10       0.00       0.00       0.00
-999.90     141.96     389.44       0.08       0.00       0.00       0.00
-999.90     137.68     390.45       0.07       0.00       0.00       0.00
-999.90     133.51     391.55       0.06       0.00       0.00       0.00
-999.90     129.44     392.74       0.06       0.00       0.00       0.00
-999.90     125.07     394.14       0.05       0.00       0.00       0.00
-999.90     120.39     395.81       0.04       0.00       0.00       0.00
-999.90     115.42     397.83       0.03       0.00       0.00       0.00
-999.90     110.16     400.35       0.03       0.00       0.00       0.00
-999.90     104.59     403.64       0.02       0.00       0.00       0.00
-999.90      98.74     407.98       0.02       0.00       0.00       0.00
-999.90      92.64     413.78       0.02       0.00       0.00       0.00
-999.90      86.35     421.16       0.02       0.00       0.00       0.00
-999.90      79.92     430.27       0.01       0.00       0.00       0.00
-999.90      73.63     440.71       0.01       0.00       0.00       0.00
-999.90      67.83     451.94       0.01       0.00       0.00       0.00
-999.90      62.51     463.42       0.01       0.00       0.00       0.00
-999.90      57.61     475.59       0.02       0.00       0.00       0.00
-999.90      53.11     488.13       0.02       0.00       0.00       0.00
-999.90      48.98     502.23       0.02       0.00       0.00       0.00
-999.90      45.17     514.11       0.02       0.00       0.00       0.00
-999.90      41.67     526.41       0.02       0.00       0.00       0.00
-999.90      38.43     539.08       0.02       0.00       0.00       0.00
-999.90      35.46     555.36       0.02       0.00       0.00       0.00
-999.90      32.74     572.11       0.01       0.00       0.00       0.00
-999.90      30.24     587.51       0.01       0.00       0.00       0.00
-999.90      27.94     603.74       0.01       0.00       0.00       0.00
-999.90      25.82     618.34       0.01       0.00       0.00       0.00
-999.90      23.87     634.32       0.01       0.00       0.00       0.00
-999.90      22.07     650.43       0.01       0.00       0.00       0.00
-999.90      20.41     673.21       0.00       0.00       0.00       0.00
-999.90      18.90     697.53       0.00       0.00       0.00       0.00
-999.90      17.51     719.90       0.00       0.00       0.00       0.00
-999.90      16.23     739.56       0.00       0.00       0.00       0.00
-999.90      15.06     758.55       0.00       0.00       0.00       0.00
-999.90      13.97     777.04       0.00       0.00       0.00       0.00
-999.90      12.97     794.78       0.00       0.00       0.00       0.00
-999.90      12.03     812.61       0.00       0.00       0.00       0.00
-999.90      11.17     830.70       0.00       0.00       0.00       0.00
-999.90      10.37     849.10       0.00       0.00       0.00       0.00
-999.90       9.62     870.07       0.00       0.00       0.00       0.00
-999.90       8.94     891.49       0.00       0.00       0.00       0.00
1000.00 128 1008.29
-999.90    1006.09     307.31      29.62       0.00       0.00       0.00
-999.90    1001.71     307.18      28.69       0.00       0.00       0.00
-999.90     996.57     307.15      28.36       0.00       0.00       0.00
-999.90     990.80     307.16      28.15       0.00       0.00       0.00
-999.90     984.29     307.19      27.93       0.00       0.00       0.00
-999.90     977.17     307.24      27.65       0.00       0.00       0.00
-999.90     969.34     307.32      27.26       0.00       0.00       0.00
-999.90     960.81     307.45      26.68       0.00       0.00       0.00
-999.90     951.70     307.68      25.85       0.00       0.00       0.00
-999.90     941.92     308.06      24.76       0.00       0.00       0.00
-999.90     931.61     308.58      23.56       0.00       0.00       0.00
-999.90     920.66     309.20      22.44       0.00       0.00       0.00
-999.90     909.12     309.89      21.35       0.00       0.00       0.00
-999.90     897.09     310.64      20.25       0.00       0.00       0.00
-999.90     884.50     311.45      19.12       0.00       0.00       0.00
-999.90     871.37     312.32      17.97       0.00       0.00       0.00
-999.90     857.83     313.22      16.82       0.00       0.00       0.00
-999.90     843.81     314.17      15.70       0.00       0.00       0.00
-999.90     829.41     315.16      14.64       0.00       0.00       0.00
-999.90     814.58     316.19      13.64       0.00       0.00       0.00
-999.90     799.35     317.26      12.71       0.00       0.00       0.00
-999.90     783.83     318.37      11.86       0.00       0.00       0.00
-999.90     767.96     319.53      11.07       0.00       0.00       0.00
-999.90     751.85     320.72      10.34       0.00       0.00       0.00
-999.90     735.44     321.95       9.67       0.00       0.00       0.00
-999.90     719.01     323.19       9.08       0.00       0.00       0.00
-999.90     702.58     324.45       8.56       0.00       0.00       0.00
-999.90     686.47     325.70       8.11       0.00       0.00       0.00
-999.90     670.69     326.92       7.72       0.00       0.00       0.00
-999.90     655.22     328.12       7.37       0.00       0.00       0.00
-999.90     640.06     329.30       7.03       0.00       0.00       0.00
-999.90     625.21     330.46       6.72       0.00       0.00       0.00
-999.90     610.64     331.61       6.42       0.00       0.00       0.00
-999.90     596.37     332.74       6.14       0.00       0.00       0.00
-999.90     582.37     333.86       5.87       0.00       0.00       0.00
-999.90     568.66     334.98       5.60       0.00       0.00       0.00
-999.90     555.22     336.09       5.35       0.00       0.00       0.00
-999.90     542.06     337.20       5.11       0.00       0.00       0.00
-999.90     529.16     338.31       4.89       0.00       0.00       0.00
-999.90     516.52     339.43       4.67       0.00       0.00       0.00
-999.90     504.13     340.55       4.46       0.00       0.00       0.00
-999.90     492.00     341.68       4.25       0.00       0.00       0.00
-999.90     480.12     342.82       4.03       0.00       0.00       0.00
-999.90     468.48     343.97       3.82       0.00       0.00       0.00
-999.90     457.08     345.12       3.61       0.00       0.00       0.00
-999.90     445.91     346.28       3.41       0.00       0.00       0.00
-999.90     434.97     347.44       3.23       0.00       0.00       0.00
-999.90     424.26     348.61       3.05       0.00       0.00       0.00
-999.90     413.77     349.77       2.89       0.00       0.00       0.00
-999.90     403.51     350.94       2.74       0.00       0.00       0.00
-999.90     393.46     352.13       2.59       0.00       0.00       0.00
-999.90     383.63     353.32       2.43       0.00       0.00       0.00
-999.90     374.00     354.52       2.28       0.00       0.00       0.00
-999.90     364.58     355.73       2.13       0.00       0.00       0.00
-999.90     355.37     356.96       1.98       0.00       0.00       0.00
-999.90     346.35     358.20       1.82       0.00       0.00       0.00
-999.90     337.52     359.44       1.68       0.00       0.00       0.00
-999.90     328.88     360.68       1.55       0.00       0.00       0.00
-999.90     320.43     361.90       1.42       0.00       0.00       0.00
-999.90     312.17     363.10       1.31       0.00       0.00       0.00
-999.90     304.08     364.28       1.21       0.00       0.00       0.00
-999.90     296.17     365.43       1.12       0.00       0.00       0.00
-999.90     288.43     366.56       1.03       0.00       0.00       0.00
-999.90     280.86     367.67       0.96       0.00       0.00       0.00
-999.90     273.45     368.76       0.89       0.00       0.00       0.00
-999.90     266.21     369.83       0.82       0.00       0.00       0.00
-999.90     259.13     370.88       0.76       0.00       0.00       0.00
-999.90     252.20     371.89       0.70       0.00       0.00       0.00
-999.90     245.42     372.88       0.65       0.00       0.00       0.00
-999.90     238.79     373.84       0.60       0.00       0.00       0.00
-999.90     232.31     374.78       0.55       0.00       0.00       0.00
-999.90     225.97     375.70       0.50       0.00       0.00       0.00
-999.90     219.77     376.61       0.46       0.00       0.00       0.00
-999.90     213.71     377.49       0.42       0.00       0.00       0.00
-999.90     207.79     378.35       0.38       0.00       0.00       0.00
-999.90     201.99     379.19       0.35       0.00       0.00       0.00
-999.90     196.33     380.03       0.31       0.00       0.00       0.00
-999.90     190.80     380.87       0.28       0.00       0.00       0.00
-999.90     185.39     381.70       0.25       0.00       0.00       0.00
-999.90     180.10     382.53       0.23       0.00       0.00       0.00
-999.90     174.93     383.35       0.20       0.00       0.00       0.00
-999.90     169.88     384.17       0.18       0.00       0.00       0.00
-999.90     164.95     385.00       0.16       0.00       0.00       0.00
-999.90     160.13     385.84       0.14       0.00       0.00       0.00
-999.90     155.43     386.71       0.12       0.00       0.00       0.00
-999.90     150.83     387.59       0.11       0.00       0.00       0.00
-999.90     146.34     388.49       0.10       0.00       0.00       0.00
-999.90     141.96     389.44       0.08       0.00       0.00       0.00
-999.90     137.68     390.45       0.07       0.00       0.00       0.00
-999.90     133.51     391.55       0.06       0.00       0.00       0.00
-999.90     129.44     392.74       0.06       0.00       0.00       0.00
-999.90     125.07     394.14       0.05       0.00       0.00       0.00
-999.90     120.39     395.81       0.04       0.00       0.00       0.00
-999.90     115.42     397.83       0.03       0.00       0.00       0.00
-999.90     110.16     400.35       0.03       0.00       0.00       0.00
-999.90     104.59     403.64       0.02       0.00       0.00       0.00
-999.90      98.74     407.98       0.02       0.00       0.00       0.00
-999.90      92.64     413.78       0.02       0.00       0.00       0.00
-999.90      86.35     421.16       0.02       0.00       0.00       0.00
-999.90      79.92     430.27       0.01       0.00       0.00       0.00
-999.90      73.63     440.71       0.01       0.00       0.00       0.00
-999.90      67.83     451.94       0.01       0.00       0.00       0.00
-999.90      62.51     463.42       0.01       0.00       0.00       0.00
-999.90      57.61     475.59       0.02       0.00       0.00       0.00
-999.90      53.11     488.13       0.02       0.00       0.00       0.00
-999.90      48.98     502.23       0.02       0.00       0.00       0.00
-999.90      45.17     514.11       0.02       0.00       0.00       0.00
-999.90      41.67     526.41       0.02       0.00       0.00       0.00
-999.90      38.43     539.08       0.02       0.00       0.00       0.00
-999.90      35.46     555.36       0.02       0.00       0.00       0.00
-999.90      32.74     572.11       0.01       0.00       0.00       0.00
-999.90      30.24     587.51       0.01       0.00       0.00       0.00
-999.90      27.94     603.74       0.01       0.00       0.00       0.00
-999.90      25.82     618.34       0.01       0.00       0.00       0.00
-999.90      23.87     634.32       0.01       0.00       0.00       0.00
-999.90      22.07     650.43       0.01       0.00       0.00       0.00
-999.90      20.41     673.21       0.00       0.00       0.00       0.00
-999.90      18.90     697.53       0.00       0.00       0.00       0.00
-999.90      17.51     719.90       0.00       0.00       0.00       0.00
-999.90      16.23     739.56       0.00       0.00       0.00       0.00
-999.90      15.06     758.55       0.00       0.00       0.00       0.00
-999.90      13.97     777.04       0.00       0.00       0.00       0.00
-999.90      12.97     794.78       0.00       0.00       0.00       0.00
-999.90      12.03     812.61       0.00       0.00       0.00       0.00
-999.90      11.17     830.70       0.00       0.00       0.00       0.00
-999.90      10.37     849.10       0.00       0.00       0.00       0.00
-999.90       9.62     870.07       0.00       0.00       0.00       0.00
-999.90       8.94     891.49       0.00       0.00       0.00       0.00
